Iteration	CPUTime	PhysTime	Travels	Value	AvValue	MinValue	MaxValue	Delta	Criteria	Progress	dGMaxMin	CriteriaType	CriteriaVarType	CriteriaPercentage
1	2	0	0.0145317411	101324.976	101324.976	101324.976	101324.976	0	0	0	0	503.755	0	0	3
2	2	0	0.0290634823	101324.995	101324.985	101324.976	101324.995	0.00935907739	0	0	0	605.587	0	0	3
3	3	0	0.0435952234	101325	101324.99	101324.976	101325	0.0143522169	0	0	0	516.631	0	0	3
4	3	0	0.0581269645	101325.004	101324.994	101324.976	101325.004	0.0178234719	0	0	0	376.865	0	0	3
5	4	0	0.0726587057	101325.005	101324.996	101324.976	101325.005	0.0200906165	0	0	0	302.964	0	0	3
6	4	0	0.0871904468	101325.007	101324.998	101324.976	101325.007	0.0219231281	0	0	0	266.579	0	0	3
7	4	0	0.101722188	101325.008	101324.999	101324.976	101325.008	0.0234565865	0	0	0	229.591	0	0	3
8	5	0	0.116253929	101325.01	101325.001	101324.976	101325.01	0.0247438793	0	0	0	207.606	0	0	3
9	5	0	0.13078567	101325.01	101325.002	101324.976	101325.01	0.0257649754	0	0	0	181.147	0	0	3
10	6	0	0.145317411	101325.009	101325.002	101324.976	101325.01	0.0265494597	0	0	0	167.196	0	0	3
11	6	0	0.159849152	101325.009	101325.003	101324.976	101325.01	0.0271841784	0	0	0	156.836	0	0	3
12	7	0	0.174380894	101325.009	101325.003	101324.976	101325.01	0.027674962	0	0	0	150.724	0	0	3
13	8	0	0.188912635	101325.008	101325.004	101324.976	101325.01	0.0280594062	0	0	0	150.671	0	0	3
14	8	0	0.203444376	101325.008	101325.004	101324.976	101325.01	0.0283532786	0	0	0	146.073	0	0	3
15	9	0	0.217976117	101325.008	101325.004	101324.976	101325.01	0.0285972004	0	0	0	142.087	0	0	3
16	9	0	0.232507858	101325.008	101325.005	101324.976	101325.01	0.0288158099	0	0	0	137.246	0	0	3
17	9	0	0.247039599	101325.007	101325.005	101324.976	101325.01	0.0289480581	0	0	0	135.578	0	0	3
18	10	0	0.26157134	101325.005	101325.005	101324.976	101325.01	0.0289752959	0	0	0	127.785	0	0	3
19	11	0	0.276103082	101325.004	101325.005	101324.976	101325.01	0.0289752959	0	0	0	126.738	0	0	3
20	11	0	0.290634823	101325.002	101325.005	101324.976	101325.01	0.0289752959	0	0	0	123.279	0	0	3
21	11	0	0.305166564	101325.001	101325.004	101324.976	101325.01	0.0289752959	0	0	0	122.002	0	0	3
22	12	0	0.319698305	101324.996	101325.004	101324.976	101325.01	0.0289752959	0	0	0	119.491	0	0	3
23	13	0	0.334230046	101324.993	101325.004	101324.976	101325.01	0.0289752959	0	0	0	120.022	0	0	3
24	13	0	0.348761787	101324.989	101325.003	101324.976	101325.01	0.0289752959	0	0	0	117.698	0	0	3
25	14	0	0.363293528	101324.985	101325.002	101324.976	101325.01	0.0289752959	0	0	0	122.414	0	0	3
26	14	0	0.37782527	101324.98	101325.001	101324.976	101325.01	0.0289752959	0	0	0	121.328	0	0	3
27	15	0	0.392357011	101324.975	101325	101324.975	101325.01	0.0289752959	0	0	0	121.541	0	0	3
28	15	0	0.406888752	101324.971	101324.999	101324.971	101325.01	0.0289752959	0	0	0	118.657	0	0	3
29	16	0	0.421420493	101324.968	101324.998	101324.968	101325.01	0.0289752959	0	0	0	119.147	0	0	3
30	16	0	0.435952234	101324.966	101324.997	101324.966	101325.01	0.0289752959	0	0	0	116.896	0	0	3
31	17	0	0.450483975	101324.963	101324.996	101324.963	101325.01	0.0289752959	0	0	0	117.225	0	0	3
32	17	0	0.465015716	101324.959	101324.995	101324.959	101325.01	0.0289752959	0	0	0	114.667	0	0	3
33	18	0	0.479547457	101324.956	101324.994	101324.956	101325.01	0.0289752959	0	0	0	114.998	0	0	3
34	18	0	0.494079199	101324.953	101324.993	101324.953	101325.01	0.0289752959	0	0	0	112.232	0	0	3
35	19	0	0.50861094	101324.95	101324.991	101324.95	101325.01	0.0289752959	0	0	0	112.64	0	0	3
36	19	0	0.523142681	101324.946	101324.99	101324.946	101325.01	0.0196162185	0	0	0	110.757	0	0	3
37	20	0	0.537674422	101324.941	101324.989	101324.941	101325.01	0.0158206756	0	0	0	111.093	0	0	3
38	20	0	0.552206163	101324.935	101324.987	101324.935	101325.01	0.017689004	0	0	0	109.035	0	0	3
39	21	0	0.566737904	101324.93	101324.985	101324.93	101325.01	0.0198166275	0	0	0	109.047	0	0	3
40	21	0	0.581269645	101324.925	101324.983	101324.925	101325.01	0.0220873648	0	0	0	107.019	0	0	3
41	22	0	0.595801387	101324.923	101324.98	101324.923	101325.01	0.0244913606	0	0	0	106.543	0	0	3
42	23	0	0.610333128	101324.919	101324.978	101324.919	101325.01	0.0270522799	0	0	0	104.92	0	0	3
43	23	0	0.624864869	101324.914	101324.975	101324.914	101325.01	0.0297685309	0	0	0	103.973	0	0	3
44	23	0	0.63939661	101324.91	101324.972	101324.91	101325.009	0.0326148361	0	0	0	101.986	0	0	3
45	24	0	0.653928351	101324.906	101324.969	101324.906	101325.009	0.035574803	0	0	0	101.062	0	0	3
46	24	0	0.668460092	101324.901	101324.966	101324.901	101325.009	0.0386566531	0	0	0	98.7414	0	0	3
47	25	0	0.682991833	101324.898	101324.963	101324.898	101325.008	0.0418262117	0	0	0	98.0764	0	0	3
48	25	0	0.697523575	101324.895	101324.96	101324.895	101325.008	0.0450594742	0	0	0	96.1617	0	0	3
49	26	0	0.712055316	101324.894	101324.956	101324.894	101325.008	0.0483238141	0	0	0	95.6941	0	0	3
50	26	0	0.726587057	101324.893	101324.953	101324.893	101325.008	0.0516164531	0	0	0	93.8966	0	0	3
51	26	0	0.741118798	101324.892	101324.95	101324.892	101325.007	0.0549338912	0	0	0	93.4572	0	0	3
52	27	0	0.755650539	101324.891	101324.947	101324.891	101325.005	0.058243925	0	0	0	91.5945	0	0	3
53	27	0	0.77018228	101324.89	101324.943	101324.89	101325.004	0.0614977333	0	0	0	91.5257	0	0	3
54	28	0	0.784714021	101324.889	101324.94	101324.889	101325.002	0.0646677235	0	0	0	90.8615	0	0	3
55	28	0	0.799245762	101324.888	101324.937	101324.888	101325.001	0.0677323141	0	0	0	91.2984	0	0	3
56	28	0	0.813777504	101324.887	101324.933	101324.887	101324.996	0.0706042805	0	0	0	90.798	0	0	3
57	29	0	0.828309245	101324.887	101324.93	101324.887	101324.993	0.0732413375	0	0	0	91.3341	0	0	3
58	29	0	0.842840986	101324.887	101324.927	101324.887	101324.989	0.0756334309	0	0	0	90.8066	0	0	3
59	29	0	0.857372727	101324.889	101324.924	101324.887	101324.985	0.0777652588	0	0	0	91.3053	0	0	3
60	30	0	0.871904468	101324.89	101324.922	101324.887	101324.98	0.0796196974	0	0	0	90.9869	0	0	3
61	30	0	0.886436209	101324.892	101324.919	101324.887	101324.975	0.0811776672	0	0	0	91.3653	0	0	3
62	31	0	0.90096795	101324.894	101324.917	101324.887	101324.971	0.0824623511	0	0	0	90.846	0	0	3
63	31	0	0.915499692	101324.896	101324.915	101324.887	101324.968	0.0815323023	0	0	0	91.2598	0	0	3
64	31	0	0.930031433	101324.898	101324.913	101324.887	101324.966	0.0789020595	0	0	0	90.8562	0	0	3
65	32	0	0.944563174	101324.899	101324.911	101324.887	101324.963	0.0761377772	0	0	0	91.2165	0	0	3
66	32	0	0.959094915	101324.901	101324.909	101324.887	101324.959	0.0723797724	0	0	0	90.7891	0	0	3
67	33	0	0.973626656	101324.902	101324.907	101324.887	101324.956	0.0689735908	0	0	0	91.2757	0	0	3
68	33	0	0.988158397	101324.904	101324.906	101324.887	101324.953	0.0659588188	0	0	0	90.9406	0	0	3
69	33	0	1.00269014	101324.906	101324.905	101324.887	101324.95	0.0632905611	0.00369207812	0	0	91.3348	0	0	3
70	34	0	1.01722188	101324.908	101324.903	101324.887	101324.946	0.0598130775	0.00369207812	0	0	90.9423	0	0	3
71	34	0	1.03175362	101324.91	101324.902	101324.887	101324.941	0.0540971378	0.00369207812	0	0	91.3305	0	0	3
72	35	0	1.04628536	101324.912	101324.902	101324.887	101324.935	0.0480825274	0.00369207812	0	0	91.0241	0	0	3
73	35	0	1.0608171	101324.915	101324.901	101324.887	101324.93	0.0429059403	0.00369207812	0	0	91.4119	0	0	3
74	35	0	1.07534884	101324.917	101324.901	101324.887	101324.925	0.038818915	0.00369207812	0	0	91.0736	0	0	3
75	36	0	1.08988059	101324.919	101324.9	101324.887	101324.923	0.036081362	0.00369207812	0	0	91.4155	0	0	3
76	36	0	1.10441233	101324.921	101324.9	101324.887	101324.921	0.0340588648	0.00369207812	0	0	91.111	0	0	3
