Iteration	CPUTime	PhysTime	Travels	Value	AvValue	MinValue	MaxValue	Delta	Criteria	Progress	dGMaxMin	CriteriaType	CriteriaVarType	CriteriaPercentage
1	2	0	0.0138746293	39.9333132	39.9333132	39.9333132	39.9333132	0	0	0	0	0	0	0	3
2	3	0	0.0277492586	25.1499209	32.541617	25.1499209	39.9333132	7.39169617	0	0	0	0	0	0	3
3	3	0	0.0416238879	21.2749471	28.7860604	21.2749471	39.9333132	11.1472528	0	0	0	0	0	0	3
4	4	0	0.0554985172	18.4932106	26.2128479	18.4932106	39.9333132	13.7204653	0	0	0	0	0	0	3
5	4	0	0.0693731464	20.1560654	25.0014914	18.4932106	39.9333132	14.9318218	0	0	0	0	0	0	3
6	4	0	0.0832477757	18.3964245	23.900647	18.3964245	39.9333132	16.0326662	0	0	0	0	0	0	3
7	5	0	0.097122405	19.0832554	23.2124482	18.3964245	39.9333132	16.720865	0	0	0	0	0	0	3
8	5	0	0.110997034	17.7252476	22.5265481	17.7252476	39.9333132	17.4067651	0	0	0	0	0	0	3
9	5	0	0.124871664	18.2363027	22.0498542	17.7252476	39.9333132	17.883459	0	0	0	0	0	0	3
10	6	0	0.138746293	17.2022819	21.5650969	17.2022819	39.9333132	18.3682163	0	0	0	0	0	0	3
11	7	0	0.152620922	17.4659881	21.1924507	17.2022819	39.9333132	18.7408625	0	0	0	0	0	0	3
12	7	0	0.166495551	16.6860129	20.8169142	16.6860129	39.9333132	19.116399	0	0	0	0	0	0	3
13	7	0	0.180370181	16.8582505	20.5124016	16.6860129	39.9333132	19.4209116	0	0	0	0	0	0	3
14	8	0	0.19424481	16.372174	20.2166711	16.372174	39.9333132	19.7166421	0	0	0	0	0	0	3
15	8	0	0.208119439	16.4096147	19.9628673	16.372174	39.9333132	19.9704459	0	0	0	0	0	0	3
16	9	0	0.221994069	16.2192634	19.7288921	16.2192634	39.9333132	20.2044211	0	0	0	0	0	0	3
17	9	0	0.235868698	16.0237284	19.5109413	16.0237284	39.9333132	20.422372	0	0	0	0	0	0	3
18	10	0	0.249743327	15.9645608	19.3139201	15.9645608	39.9333132	20.6193931	0	0	0	0	0	0	3
19	10	0	0.263617956	15.8214852	19.1301077	15.8214852	39.9333132	20.8032055	0	0	0	0	0	0	3
20	11	0	0.277492586	15.6635752	18.9567811	15.6635752	39.9333132	20.9765321	0	0	0	0	0	0	3
21	12	0	0.291367215	15.6711414	18.8003221	15.6635752	39.9333132	21.1329911	0	0	0	0	0	0	3
22	12	0	0.305241844	15.5843029	18.6541394	15.5843029	39.9333132	21.2791738	0	0	0	0	0	0	3
23	13	0	0.319116474	15.6798566	18.5248228	15.5843029	39.9333132	21.4084904	0	0	0	0	0	0	3
24	14	0	0.332991103	15.7248469	18.4081571	15.5843029	39.9333132	21.5251561	0	0	0	0	0	0	3
25	14	0	0.346865732	15.7469399	18.3017084	15.5843029	39.9333132	21.6316048	0	0	0	0	0	0	3
26	15	0	0.360740362	15.8645598	18.2079719	15.5843029	39.9333132	21.7253413	0	0	0	0	0	0	3
27	15	0	0.374614991	15.8629219	18.1211182	15.5843029	39.9333132	21.812195	0	0	0	0	0	0	3
28	16	0	0.38848962	15.9573666	18.0438414	15.5843029	39.9333132	21.8894718	0	0	0	0	0	0	3
29	16	0	0.402364249	16.005384	17.9735497	15.5843029	39.9333132	21.9597635	0	0	0	0	0	0	3
30	17	0	0.416238879	16.0528452	17.9095263	15.5843029	39.9333132	22.0237869	0	0	0	0	0	0	3
31	18	0	0.430113508	16.1260878	17.851996	15.5843029	39.9333132	22.0813172	0	0	0	0	0	0	3
32	18	0	0.443988137	16.1804816	17.7997612	15.5843029	39.9333132	22.133552	0	0	0	0	0	0	3
33	19	0	0.457862767	16.2479969	17.752738	15.5843029	39.9333132	22.1805752	0	0	0	0	0	0	3
34	20	0	0.471737396	16.3261438	17.7107793	15.5843029	39.9333132	22.2225339	0	0	0	0	0	0	3
35	20	0	0.485612025	16.4269124	17.6740974	15.5843029	39.9333132	22.2592158	0	0	0	0	0	0	3
36	21	0	0.499486654	16.5023419	17.6415487	15.5843029	39.9333132	22.2917645	0	0	0	0	0	0	3
37	22	0	0.513361284	16.5366361	17.6116862	15.5843029	39.9333132	22.321627	0	0	0	0	0	0	3
38	22	0	0.527235913	16.5969219	16.9809729	15.5843029	25.1499209	9.56561801	0	0	0	0	0	0	3
39	23	0	0.541110542	16.5945159	16.7497457	15.5843029	21.2749471	5.69064424	0	0	0	0	0	0	3
40	24	0	0.554985172	16.6107929	16.6236875	15.5843029	20.1560654	4.5717626	0	0	0	0	0	0	3
41	24	0	0.568859801	16.6090322	16.5727638	15.5843029	20.1560654	4.5717626	0	0	0	0	0	0	3
42	25	0	0.58273443	16.5722467	16.4759038	15.5843029	19.0832554	3.49895252	0	0	0	0	0	0	3
43	25	0	0.596609059	16.5484502	16.4259585	15.5843029	19.0832554	3.49895252	0	0	0	0	0	0	3
44	26	0	0.610483689	16.542378	16.3572862	15.5843029	18.2363027	2.65199987	0	0	0	0	0	0	3
45	27	0	0.624358318	16.5701845	16.3260683	15.5843029	18.2363027	2.65199987	0	0	0	0	0	0	3
46	27	0	0.638232947	16.5980458	16.2817911	15.5843029	17.4659881	1.88168524	0	0	0	0	0	0	3
47	28	0	0.652107577	16.6393775	16.2665774	15.5843029	17.4659881	1.88168524	0	0	0	0	0	0	3
48	29	0	0.665982206	16.6684205	16.2450215	15.5843029	16.8582505	1.27394767	0	0	0	0	0	0	3
49	29	0	0.679856835	16.6647137	16.2444459	15.5843029	16.8582505	1.27394767	0	0	0	0	0	0	3
50	30	0	0.693731464	16.6255997	16.238158	15.5843029	16.6684205	1.08411767	0	0	0	0	0	0	3
51	30	0	0.707606094	16.5193689	16.2421363	15.5843029	16.6684205	1.08411767	0	0	0	0	0	0	3
52	31	0	0.721480723	16.4603564	16.2435077	15.5843029	16.6684205	1.08411767	0	0	0	0	0	0	3
53	31	0	0.735355352	16.3937908	16.2482246	15.5843029	16.6684205	1.08411767	0	0	0	0	0	0	3
54	32	0	0.749229982	16.3672704	16.2575095	15.5843029	16.6684205	1.08411767	0	0	0	0	0	0	3
55	32	0	0.763104611	16.3639532	16.2683039	15.5843029	16.6684205	1.08411767	0	0	0	0	0	0	3
56	32	0	0.77697924	16.3635039	16.2829531	15.5843029	16.6684205	1.08411767	0	0	0	0	0	0	3
57	33	0	0.790853869	16.3958517	16.3027443	15.5843029	16.6684205	1.08411767	0	0	0	0	0	0	3
58	33	0	0.804728499	16.4095996	16.3227027	15.5843029	16.6684205	1.08411767	0	0	0	0	0	0	3
59	34	0	0.818603128	16.4308704	16.3455829	15.6798566	16.6684205	0.988563893	0	0	0	0	0	0	3
60	34	0	0.832477757	16.4383578	16.3660829	15.7248469	16.6684205	0.943573637	0	0	0	0	0	0	3
61	35	0	0.846352387	16.4372597	16.3853373	15.7469399	16.6684205	0.921480639	0	0	0	0	0	0	3
62	35	0	0.860227016	16.4202193	16.403534	15.8629219	16.6684205	0.805498663	0	0	0	0	0	0	3
63	35	0	0.874101645	16.4007649	16.4180261	15.8629219	16.6684205	0.805498663	0	0	0	0	0	0	3
64	36	0	0.887976275	16.373059	16.4318136	15.9573666	16.6684205	0.711053888	0	0	0	0	0	0	3
65	36	0	0.901850904	16.3615349	16.442737	16.005384	16.6684205	0.663036489	0	0	0	0	0	0	3
66	37	0	0.915725533	16.3270998	16.4514321	16.0528452	16.6684205	0.615575349	0	0	0	0	0	0	3
67	37	0	0.929600162	16.2930615	16.4579244	16.1260878	16.6684205	0.542332733	0	0	0	0	0	0	3
68	38	0	0.943474792	16.2686483	16.4617774	16.1804816	16.6684205	0.487938933	0	0	0	0	0	0	3
69	39	0	0.957349421	16.2171564	16.4627686	16.2171564	16.6684205	0.451264078	0	0	0	0	0	0	3
70	39	0	0.97122405	16.1704016	16.4606714	16.1704016	16.6684205	0.498018968	0	0	0	0	0	0	3
71	40	0	0.98509868	16.1080234	16.4547763	16.1080234	16.6684205	0.560397102	0	0	0	0	0	0	3
72	40	0	0.998973309	16.0712667	16.4451642	16.0712667	16.6684205	0.59715383	0	0	0	0	0	0	3
73	41	0	1.01284794	16.0432739	16.432757	16.0432739	16.6684205	0.625146674	0.170719327	0	27.3	0	0	0	3
74	41	0	1.02672257	16.0058867	16.4184124	16.0058867	16.6684205	0.662533821	0.170719327	0	25.7	0	0	0	3
75	42	0	1.0405972	16.0173969	16.4027496	16.0058867	16.6684205	0.511587706	0.170719327	0	33.3	0	0	0	3
76	42	0	1.05447183	16.0222868	16.3872839	16.0058867	16.6684205	0.385529483	0.170719327	0	44.2	0	0	0	3
77	43	0	1.06834646	16.0406799	16.3718755	16.0058867	16.6684205	0.334605742	0.170719327	0	51	0	0	0	3
78	44	0	1.08222108	16.0302346	16.3562323	16.0058867	16.6684205	0.237745775	0.170719327	0	71.8	0	0	0	3
79	45	0	1.09609571	16.0271611	16.3415002	16.0058867	16.6684205	0.224610562	0.170719327	0	76	0	0	0	3
80	45	0	1.10997034	15.9994682	16.3266629	15.9994682	16.6684205	0.224610562	0.170719327	0	76	0	0	0	3
81	46	0	1.12384497	16.0215013	16.3125851	15.9994682	16.6684205	0.224610562	0.170719327	0	76	0	0	0	3
82	47	0	1.1377196	16.0109254	16.29747	15.9994682	16.6684205	0.224610562	0.170719327	0	76	0	0	0	3
83	47	0	1.15159423	16.0243273	16.2819641	15.9994682	16.6684205	0.224610562	0.170719327	0	76	0	0	0	3
84	48	0	1.16546886	16.0329085	16.2655731	15.9994682	16.6684205	0.224610562	0.170719327	0	76	0	0	0	3
85	49	0	1.17934349	16.0642164	16.2492432	15.9994682	16.6647137	0.224610562	0.170719327	0	76	0	0	0	3
86	50	0	1.19321812	16.0775816	16.2333748	15.9994682	16.6255997	0.229393802	0.170719327	0	74.4	0	0	0	3
87	50	0	1.20709275	16.088414	16.2188563	15.9994682	16.5193689	0.243912333	0.170719327	0	69.9	0	0	0	3
88	51	0	1.22096738	16.0801321	16.206985	15.9994682	16.4603564	0.255783598	0.170719327	0	66.7	0	0	0	3
89	52	0	1.23484201	16.1108517	16.1975389	15.9994682	16.4383578	0.26522967	0.170719327	0	64.3	0	0	0	3
90	52	0	1.24871664	16.1101613	16.1898733	15.9994682	16.4383578	0.272895333	0.170719327	0	62.5	0	0	0	3
91	53	0	1.26259127	16.1158125	16.1830771	15.9994682	16.4383578	0.279691492	0.170719327	0	61	0	0	0	3
92	54	0	1.27646589	16.1453275	16.1771683	15.9994682	16.4383578	0.285600294	0.170719327	0	59.7	0	0	0	3
93	54	0	1.29034052	16.1591964	16.1716465	15.9994682	16.4383578	0.291122119	0.170719327	0	58.6	0	0	0	3
94	55	0	1.30421515	16.1580287	16.1652188	15.9994682	16.4383578	0.297549768	0.170719327	0	57.3	0	0	0	3
95	56	0	1.31808978	16.1536998	16.1583026	15.9994682	16.4383578	0.30446598	0.170719327	0	56	0	0	0	3
96	56	0	1.33196441	16.1757505	16.1514075	15.9994682	16.4383578	0.311361114	0.170719327	0	54.8	0	0	0	3
97	57	0	1.34583904	16.1974058	16.1448953	15.9994682	16.4372597	0.317873331	0.170719327	0	53.7	0	0	0	3
98	57	0	1.35971367	16.2120645	16.1388089	15.9994682	16.4202193	0.323959688	0.170719327	0	52.6	0	0	0	3
99	58	0	1.3735883	16.2235706	16.1334941	15.9994682	16.4007649	0.329274516	0.170719327	0	51.8	0	0	0	3
100	58	0	1.38746293	16.2304232	16.1288902	15.9994682	16.373059	0.333878348	0.170719327	0	51.1	0	0	0	3
101	59	0	1.40133756	16.2174277	16.124684	15.9994682	16.3615349	0.338084599	0.170719327	0	50.4	0	0	0	3
102	60	0	1.41521219	16.2363307	16.1213001	15.9994682	16.3270998	0.327631557	0.170719327	0	52.1	0	0	0	3
103	60	0	1.42908682	16.2354222	16.1188223	15.9994682	16.2930615	0.293593279	0.170719327	0	58.1	0	0	0	3
104	61	0	1.44296145	16.2380044	16.1173343	15.9994682	16.2686483	0.269180059	0.170719327	0	63.4	0	0	0	3
105	61	0	1.45683608	16.2433983	16.1166519	15.9994682	16.2433983	0.243930109	0.170719327	0	69.9	0	0	0	3
106	62	0	1.4707107	16.2525913	16.1176096	15.9994682	16.2525913	0.253123106	0.170719327	0	67.4	0	0	0	3
107	62	0	1.48458533	16.2228138	16.1190261	15.9994682	16.2525913	0.253123106	0.170719327	0	67.4	0	0	0	3
108	63	0	1.49845996	16.2392414	16.1225725	15.9994682	16.2525913	0.253123106	0.170719327	0	67.4	0	0	0	3
109	63	0	1.51233459	16.2100534	16.1263235	15.9994682	16.2525913	0.253123106	0.170719327	0	67.4	0	0	0	3
110	63	0	1.52620922	16.2194348	16.1310846	15.9994682	16.2525913	0.253123106	0.170719327	0	67.4	0	0	0	3
111	64	0	1.54008385	16.1992932	16.1363118	15.9994682	16.2525913	0.253123106	0.170719327	0	67.4	0	0	0	3
112	64	0	1.55395848	16.2102289	16.1415235	15.9994682	16.2525913	0.253123106	0.170719327	0	67.4	0	0	0	3
113	65	0	1.56783311	16.1980903	16.146275	15.9994682	16.2525913	0.253123106	0.170719327	0	67.4	0	0	0	3
114	65	0	1.58170774	16.2184605	16.1510798	15.9994682	16.2525913	0.239580414	0.170719327	0	71.2	0	0	0	3
115	65	0	1.59558237	16.2031383	16.1557529	15.9994682	16.2525913	0.224848371	0.170719327	0	75.9	0	0	0	3
116	66	0	1.609457	16.2156754	16.1608479	15.9994682	16.2525913	0.210011021	0.170719327	0	81.2	0	0	0	3
117	66	0	1.62333163	16.2080808	16.1664861	16.0109254	16.2525913	0.195933272	0.170719327	0	87.1	0	0	0	3
118	67	0	1.63720626	16.2140466	16.17169	16.0109254	16.2525913	0.180818162	0.170719327	0	94.4	0	0	0	3
119	67	0	1.65108089	16.215089	16.1772079	16.0243273	16.2525913	0.165312256	0.170719327	0	100	0	0	0	3
