Iteration	CPUTime	PhysTime	Travels	Value	AvValue	MinValue	MaxValue	Delta	Criteria	Progress	dGMaxMin	CriteriaType	CriteriaVarType	CriteriaPercentage
1	2	0	0.0138746293	101325.034	101325.034	101325.034	101325.034	0	0	0	0	500.905	0	0	3
2	3	0	0.0277492586	101325.003	101325.018	101325.003	101325.034	0.0156588793	0	0	0	468.143	0	0	3
3	3	0	0.0416238879	101325.001	101325.013	101325.001	101325.034	0.0214030466	0	0	0	412.514	0	0	3
4	4	0	0.0554985172	101324.998	101325.009	101324.998	101325.034	0.0249697097	0	0	0	418.986	0	0	3
5	4	0	0.0693731464	101325.004	101325.008	101324.998	101325.034	0.0260060693	0	0	0	416.679	0	0	3
6	4	0	0.0832477757	101325.002	101325.007	101324.998	101325.034	0.0269960161	0	0	0	410.471	0	0	3
7	5	0	0.097122405	101325.008	101325.007	101324.998	101325.034	0.0269960161	0	0	0	392.195	0	0	3
8	5	0	0.110997034	101325.005	101325.007	101324.998	101325.034	0.0271788873	0	0	0	369.826	0	0	3
9	5	0	0.124871664	101325.008	101325.007	101324.998	101325.034	0.0271788873	0	0	0	355.724	0	0	3
10	6	0	0.138746293	101325.004	101325.007	101324.998	101325.034	0.0274439027	0	0	0	337.557	0	0	3
11	7	0	0.152620922	101325.003	101325.006	101324.998	101325.034	0.0277713333	0	0	0	327.569	0	0	3
12	7	0	0.166495551	101325	101325.006	101324.998	101325.034	0.028313126	0	0	0	320.036	0	0	3
13	7	0	0.180370181	101324.998	101325.005	101324.998	101325.034	0.0289363279	0	0	0	311.094	0	0	3
14	8	0	0.19424481	101324.994	101325.004	101324.994	101325.034	0.0297089594	0	0	0	305.241	0	0	3
15	8	0	0.208119439	101324.992	101325.004	101324.992	101325.034	0.0305328783	0	0	0	295.528	0	0	3
16	9	0	0.221994069	101324.989	101325.003	101324.989	101325.034	0.0314566413	0	0	0	291.869	0	0	3
17	9	0	0.235868698	101324.985	101325.002	101324.985	101325.034	0.0325165281	0	0	0	285.716	0	0	3
18	10	0	0.249743327	101324.98	101325	101324.98	101325.034	0.0336874569	0	0	0	282.332	0	0	3
19	10	0	0.263617956	101324.976	101324.999	101324.976	101325.034	0.0349505715	0	0	0	282.697	0	0	3
20	11	0	0.277492586	101324.972	101324.998	101324.972	101325.034	0.0362866082	0	0	0	276.512	0	0	3
21	12	0	0.291367215	101324.968	101324.996	101324.968	101325.034	0.0377050733	0	0	0	270.955	0	0	3
22	12	0	0.305241844	101324.962	101324.995	101324.962	101325.034	0.0392632956	0	0	0	269.349	0	0	3
23	13	0	0.319116474	101324.956	101324.993	101324.956	101325.034	0.0409353089	0	0	0	265.97	0	0	3
24	14	0	0.332991103	101324.951	101324.991	101324.951	101325.034	0.0426802313	0	0	0	264.227	0	0	3
25	14	0	0.346865732	101324.946	101324.99	101324.946	101325.034	0.0445049221	0	0	0	260.847	0	0	3
26	15	0	0.360740362	101324.94	101324.988	101324.94	101325.034	0.0464025663	0	0	0	259.804	0	0	3
27	15	0	0.374614991	101324.932	101324.986	101324.932	101325.034	0.0484562703	0	0	0	257.42	0	0	3
28	16	0	0.38848962	101324.925	101324.983	101324.925	101325.034	0.0506205077	0	0	0	256.628	0	0	3
29	16	0	0.402364249	101324.919	101324.981	101324.919	101325.034	0.0528520666	0	0	0	254.216	0	0	3
30	17	0	0.416238879	101324.913	101324.979	101324.913	101325.034	0.0551143488	0	0	0	253.377	0	0	3
31	18	0	0.430113508	101324.909	101324.977	101324.909	101325.034	0.0573777339	0	0	0	251.985	0	0	3
32	18	0	0.443988137	101324.902	101324.974	101324.902	101325.034	0.0597164413	0	0	0	251.411	0	0	3
33	19	0	0.457862767	101324.894	101324.972	101324.894	101325.034	0.0621520241	0	0	0	250.364	0	0	3
34	20	0	0.471737396	101324.887	101324.969	101324.887	101325.034	0.0646635471	0	0	0	249.817	0	0	3
35	20	0	0.485612025	101324.879	101324.967	101324.879	101325.034	0.067241479	0	0	0	248.068	0	0	3
36	21	0	0.499486654	101324.874	101324.964	101324.874	101325.034	0.0698068833	0	0	0	247.714	0	0	3
37	22	0	0.513361284	101324.87	101324.962	101324.87	101325.034	0.0723661254	0	0	0	246.464	0	0	3
38	22	0	0.527235913	101324.864	101324.957	101324.864	101325.008	0.0613113842	0	0	0	245.577	0	0	3
39	23	0	0.541110542	101324.858	101324.953	101324.858	101325.008	0.0594762541	0	0	0	244.247	0	0	3
40	24	0	0.554985172	101324.854	101324.949	101324.854	101325.008	0.0598971696	0	0	0	243.554	0	0	3
41	24	0	0.568859801	101324.853	101324.945	101324.853	101325.008	0.0627953648	0	0	0	242.698	0	0	3
42	25	0	0.58273443	101324.854	101324.941	101324.853	101325.008	0.0659387488	0	0	0	242.073	0	0	3
43	25	0	0.596609059	101324.855	101324.937	101324.853	101325.008	0.0699144512	0	0	0	240.983	0	0	3
44	26	0	0.610483689	101324.856	101324.933	101324.853	101325.008	0.0738146339	0	0	0	240.33	0	0	3
45	27	0	0.624358318	101324.86	101324.929	101324.853	101325.008	0.0777474838	0	0	0	239.361	0	0	3
46	27	0	0.638232947	101324.864	101324.925	101324.853	101325.004	0.081289411	0	0	0	238.632	0	0	3
47	28	0	0.652107577	101324.869	101324.922	101324.853	101325.003	0.0845876116	0	0	0	237.614	0	0	3
48	29	0	0.665982206	101324.875	101324.918	101324.853	101325	0.0875009876	0	0	0	236.789	0	0	3
49	29	0	0.679856835	101324.881	101324.915	101324.853	101324.998	0.0900899762	0	0	0	235.758	0	0	3
50	30	0	0.693731464	101324.885	101324.912	101324.853	101324.994	0.0923510998	0	0	0	234.85	0	0	3
51	30	0	0.707606094	101324.886	101324.909	101324.853	101324.992	0.0944493441	0	0	0	233.907	0	0	3
52	31	0	0.721480723	101324.883	101324.906	101324.853	101324.989	0.096469915	0	0	0	233.031	0	0	3
53	31	0	0.735355352	101324.877	101324.903	101324.853	101324.985	0.0984295211	0	0	0	232.094	0	0	3
54	32	0	0.749229982	101324.87	101324.9	101324.853	101324.98	0.100357691	0	0	0	231.287	0	0	3
55	32	0	0.763104611	101324.862	101324.897	101324.853	101324.976	0.102287216	0	0	0	230.401	0	0	3
56	32	0	0.77697924	101324.855	101324.894	101324.853	101324.972	0.104224649	0	0	0	229.68	0	0	3
57	33	0	0.790853869	101324.849	101324.89	101324.849	101324.968	0.106129343	0	0	0	228.874	0	0	3
58	33	0	0.804728499	101324.844	101324.887	101324.844	101324.962	0.107918751	0	0	0	228.222	0	0	3
59	34	0	0.818603128	101324.84	101324.884	101324.84	101324.956	0.109551617	0	0	0	227.494	0	0	3
60	34	0	0.832477757	101324.836	101324.88	101324.836	101324.951	0.111051672	0	0	0	226.907	0	0	3
61	35	0	0.846352387	101324.833	101324.877	101324.833	101324.946	0.112419543	0	0	0	226.234	0	0	3
62	35	0	0.860227016	101324.831	101324.874	101324.831	101324.94	0.109096639	0	0	0	225.729	0	0	3
63	35	0	0.874101645	101324.83	101324.871	101324.83	101324.932	0.102392751	0	0	0	225.119	0	0	3
64	36	0	0.887976275	101324.83	101324.868	101324.83	101324.925	0.0954575663	0	0	0	224.71	0	0	3
65	36	0	0.901850904	101324.83	101324.866	101324.83	101324.919	0.0891767643	0	0	0	224.065	0	0	3
66	37	0	0.915725533	101324.832	101324.863	101324.83	101324.913	0.0837919505	0	0	0	223.68	0	0	3
67	37	0	0.929600162	101324.836	101324.861	101324.83	101324.909	0.0792331959	0	0	0	223.065	0	0	3
68	38	0	0.943474792	101324.84	101324.859	101324.83	101324.902	0.0722961101	0	0	0	222.693	0	0	3
69	39	0	0.957349421	101324.846	101324.858	101324.83	101324.894	0.0644218097	0	0	0	222.104	0	0	3
70	39	0	0.97122405	101324.852	101324.857	101324.83	101324.887	0.0569686726	0	0	0	221.874	0	0	3
71	40	0	0.98509868	101324.857	101324.856	101324.83	101324.886	0.0566392758	0	0	0	221.33	0	0	3
72	40	0	0.998973309	101324.861	101324.856	101324.83	101324.886	0.0566392758	0	0	0	220.898	0	0	3
73	41	0	1.01284794	101324.863	101324.855	101324.83	101324.886	0.0566392758	0.00534101172	0	0	220.317	0	0	3
74	41	0	1.02672257	101324.863	101324.855	101324.83	101324.886	0.0566392758	0.00534101172	0	0	219.902	0	0	3
75	42	0	1.0405972	101324.862	101324.855	101324.83	101324.886	0.0566392758	0.00534101172	0	0	219.342	0	0	3
76	42	0	1.05447183	101324.859	101324.855	101324.83	101324.886	0.0566392758	0.00534101172	0	0	218.985	0	0	3
77	43	0	1.06834646	101324.856	101324.855	101324.83	101324.886	0.0566392758	0.00534101172	0	0	218.406	0	0	3
78	44	0	1.08222108	101324.854	101324.855	101324.83	101324.886	0.0566392758	0.00534101172	0	0	217.802	0	0	3
79	45	0	1.09609571	101324.853	101324.855	101324.83	101324.886	0.0566392758	0.00534101172	0	0	217.107	0	0	3
80	45	0	1.10997034	101324.853	101324.855	101324.83	101324.886	0.0566392758	0.00534101172	0	0	216.583	0	0	3
81	46	0	1.12384497	101324.853	101324.855	101324.83	101324.886	0.0566392758	0.00534101172	0	0	215.81	0	0	3
82	47	0	1.1377196	101324.854	101324.855	101324.83	101324.886	0.0566392758	0.00534101172	0	0	215.349	0	0	3
83	47	0	1.15159423	101324.855	101324.855	101324.83	101324.886	0.0566392758	0.00534101172	0	0	214.752	0	0	3
84	48	0	1.16546886	101324.856	101324.854	101324.83	101324.886	0.0566392758	0.00534101172	0	0	214.345	0	0	3
85	49	0	1.17934349	101324.858	101324.854	101324.83	101324.886	0.0566392758	0.00534101172	0	0	213.58	0	0	3
86	50	0	1.19321812	101324.86	101324.853	101324.83	101324.886	0.0566392758	0.00534101172	0	0	213.235	0	0	3
87	50	0	1.20709275	101324.862	101324.852	101324.83	101324.886	0.0566246975	0.00534101172	0	0	212.518	0	0	3
88	51	0	1.22096738	101324.864	101324.852	101324.83	101324.883	0.0535043871	0.00534101172	0	0	212.225	0	0	3
89	52	0	1.23484201	101324.866	101324.851	101324.83	101324.877	0.0474781584	0.00534101172	0	0	211.513	0	0	3
90	52	0	1.24871664	101324.868	101324.851	101324.83	101324.87	0.040371106	0.00534101172	0	0	211.261	0	0	3
91	53	0	1.26259127	101324.87	101324.851	101324.83	101324.87	0.0402541101	0.00534101172	0	0	210.619	0	0	3
92	54	0	1.27646589	101324.872	101324.851	101324.83	101324.872	0.042175384	0.00534101172	0	0	210.398	0	0	3
93	54	0	1.29034052	101324.874	101324.852	101324.83	101324.874	0.0391028973	0.00534101172	0	0	209.781	0	0	3
94	55	0	1.30421515	101324.876	101324.853	101324.83	101324.876	0.0357552665	0.00534101172	0	0	209.581	0	0	3
95	56	0	1.31808978	101324.877	101324.853	101324.83	101324.877	0.0324503871	0.00534101172	0	0	209.004	0	0	3
96	56	0	1.33196441	101324.879	101324.855	101324.83	101324.879	0.0292054102	0.00534101172	0	0	208.778	0	0	3
97	57	0	1.34583904	101324.881	101324.856	101324.83	101324.881	0.0260128481	0.00534101172	0	0	208.223	0	0	3
98	57	0	1.35971367	101324.882	101324.857	101324.83	101324.882	0.0229143938	0.00534101172	0	0	208.072	0	0	3
99	58	0	1.3735883	101324.884	101324.859	101324.83	101324.884	0.0199305652	0.00534101172	0	0	207.534	0	0	3
100	58	0	1.38746293	101324.885	101324.86	101324.83	101324.885	0.0171559732	0.00534101172	0	0	207.372	0	0	3
101	59	0	1.40133756	101324.886	101324.862	101324.83	101324.886	0.0145990813	0.00534101172	0	0	206.843	0	0	3
102	60	0	1.41521219	101324.887	101324.863	101324.832	101324.887	0.0122588383	0.00534101172	0	0	206.691	0	0	3
103	60	0	1.42908682	101324.888	101324.865	101324.836	101324.888	0.0134371571	0.00534101172	0	0	206.165	0	0	3
104	61	0	1.44296145	101324.888	101324.866	101324.84	101324.888	0.0148674211	0.00534101172	0	0	206.07	0	0	3
105	61	0	1.45683608	101324.889	101324.867	101324.846	101324.889	0.0161816732	0.00534101172	0	0	205.532	0	0	3
106	62	0	1.4707107	101324.89	101324.868	101324.852	101324.89	0.0173535058	0.00534101172	0	0	205.437	0	0	3
107	62	0	1.48458533	101324.89	101324.87	101324.853	101324.89	0.01838066	0.00534101172	0	0	204.923	0	0	3
108	63	0	1.49845996	101324.89	101324.87	101324.853	101324.89	0.0192664485	0.00534101172	0	0	204.829	0	0	3
109	63	0	1.51233459	101324.89	101324.871	101324.853	101324.89	0.0200582752	0.00534101172	0	0	204.312	0	0	3
110	63	0	1.52620922	101324.891	101324.872	101324.853	101324.891	0.020798829	0.00534101172	0	0	204.254	0	0	3
111	64	0	1.54008385	101324.891	101324.873	101324.853	101324.891	0.0215444416	0.00534101172	0	0	203.744	0	0	3
112	64	0	1.55395848	101324.891	101324.873	101324.853	101324.891	0.0223409072	0.00534101172	0	0	203.687	0	0	3
113	65	0	1.56783311	101324.891	101324.874	101324.853	101324.891	0.0232250896	0.00534101172	0	0	203.2	0	0	3
114	65	0	1.58170774	101324.891	101324.875	101324.853	101324.891	0.0241931577	0.00534101172	0	0	203.159	0	0	3
115	65	0	1.59558237	101324.892	101324.876	101324.853	101324.892	0.0252201538	0.00534101172	0	0	202.665	0	0	3
116	66	0	1.609457	101324.892	101324.877	101324.853	101324.892	0.0262701615	0.00534101172	0	0	202.637	0	0	3
117	66	0	1.62333163	101324.892	101324.878	101324.853	101324.892	0.0273241371	0.00534101172	0	0	202.152	0	0	3
118	67	0	1.63720626	101324.892	101324.879	101324.854	101324.892	0.028362779	0.00534101172	0	0	202.137	0	0	3
119	67	0	1.65108089	101324.892	101324.881	101324.855	101324.892	0.0293864495	0.00534101172	0	0	201.654	0	0	3
