Iteration	CPUTime	PhysTime	Travels	Value	AvValue	MinValue	MaxValue	Delta	Criteria	Progress	dGMaxMin	CriteriaType	CriteriaVarType	CriteriaPercentage
1	2	0	0.0138746293	293.2	293.2	293.2	293.2	0	0	0	0	7.30891e-06	0	0	3
2	3	0	0.0277492586	293.2	293.2	293.2	293.2	2.81374923e-10	0	0	0	9.18777e-06	0	0	3
3	3	0	0.0416238879	293.2	293.2	293.2	293.2	5.51381163e-10	0	0	0	1.23822e-05	0	0	3
4	4	0	0.0554985172	293.2	293.2	293.2	293.2	8.14225132e-10	0	0	0	1.49545e-05	0	0	3
5	4	0	0.0693731464	293.2	293.2	293.2	293.2	1.07621645e-09	0	0	0	1.58503e-05	0	0	3
6	4	0	0.0832477757	293.2	293.2	293.2	293.2	1.40323664e-09	0	0	0	1.89264e-05	0	0	3
7	5	0	0.097122405	293.2	293.2	293.2	293.2	1.80028792e-09	0	0	0	2.3786e-05	0	0	3
8	5	0	0.110997034	293.2	293.2	293.2	293.2	2.24071073e-09	0	0	0	2.75768e-05	0	0	3
9	5	0	0.124871664	293.2	293.2	293.2	293.2	2.7047804e-09	0	0	0	3.04172e-05	0	0	3
10	6	0	0.138746293	293.2	293.2	293.2	293.2	3.1759555e-09	0	0	0	3.21376e-05	0	0	3
11	7	0	0.152620922	293.2	293.2	293.2	293.2	3.68726205e-09	0	0	0	3.35532e-05	0	0	3
12	7	0	0.166495551	293.2	293.2	293.2	293.2	4.29270131e-09	0	0	0	3.88994e-05	0	0	3
13	7	0	0.180370181	293.2	293.2	293.2	293.2	4.956064e-09	0	0	0	4.46524e-05	0	0	3
14	8	0	0.19424481	293.2	293.2	293.2	293.2	5.68735459e-09	0	0	0	5.11775e-05	0	0	3
15	8	0	0.208119439	293.2	293.2	293.2	293.2	6.46190301e-09	0	0	0	5.41195e-05	0	0	3
16	9	0	0.221994069	293.2	293.2	293.2	293.2	7.33029992e-09	0	0	0	5.54216e-05	0	0	3
17	9	0	0.235868698	293.2	293.2	293.2	293.2	8.27191116e-09	0	0	0	5.53441e-05	0	0	3
18	10	0	0.249743327	293.2	293.2	293.2	293.2	9.25416543e-09	0	0	0	5.49293e-05	0	0	3
19	10	0	0.263617956	293.2	293.2	293.2	293.2	1.02484705e-08	0	0	0	5.49865e-05	0	0	3
20	11	0	0.277492586	293.2	293.2	293.2	293.2	1.12365797e-08	0	0	0	5.50721e-05	0	0	3
21	12	0	0.291367215	293.2	293.2	293.2	293.2	1.22470283e-08	0	0	0	5.44823e-05	0	0	3
22	12	0	0.305241844	293.2	293.2	293.2	293.2	1.33147182e-08	0	0	0	5.43482e-05	0	0	3
23	13	0	0.319116474	293.2	293.2	293.2	293.2	1.44634669e-08	0	0	0	5.35017e-05	0	0	3
24	14	0	0.332991103	293.2	293.2	293.2	293.2	1.57083946e-08	0	0	0	5.31866e-05	0	0	3
25	14	0	0.346865732	293.2	293.2	293.2	293.2	1.70590511e-08	0	0	0	5.24026e-05	0	0	3
26	15	0	0.360740362	293.2	293.2	293.2	293.2	1.85694375e-08	0	0	0	5.215e-05	0	0	3
27	15	0	0.374614991	293.2	293.2	293.2	293.2	2.02022079e-08	0	0	0	5.16021e-05	0	0	3
28	16	0	0.38848962	293.2	293.2	293.2	293.2	2.18938112e-08	0	0	0	5.11537e-05	0	0	3
29	16	0	0.402364249	293.2	293.2	293.2	293.2	2.35922926e-08	0	0	0	5.05958e-05	0	0	3
30	17	0	0.416238879	293.2	293.2	293.2	293.2	2.52692303e-08	0	0	0	5.02642e-05	0	0	3
31	18	0	0.430113508	293.2	293.2	293.2	293.2	2.69309339e-08	0	0	0	5.04311e-05	0	0	3
32	18	0	0.443988137	293.2	293.2	293.2	293.2	2.85948545e-08	0	0	0	4.93008e-05	0	0	3
33	19	0	0.457862767	293.2	293.2	293.2	293.2	3.02630951e-08	0	0	0	4.92278e-05	0	0	3
34	20	0	0.471737396	293.2	293.2	293.2	293.2	3.19310516e-08	0	0	0	4.95938e-05	0	0	3
35	20	0	0.485612025	293.2	293.2	293.2	293.2	3.35931531e-08	0	0	0	4.93805e-05	0	0	3
36	21	0	0.499486654	293.2	293.2	293.2	293.2	3.5257699e-08	0	0	0	4.91355e-05	0	0	3
37	22	0	0.513361284	293.2	293.2	293.2	293.2	3.69233248e-08	0	0	0	4.98596e-05	0	0	3
38	22	0	0.527235913	293.2	293.2	293.2	293.2	3.93545747e-08	0	0	0	4.94911e-05	0	0	3
39	23	0	0.541110542	293.2	293.2	293.2	293.2	4.18625064e-08	0	0	0	5.06352e-05	0	0	3
40	24	0	0.554985172	293.2	293.2	293.2	293.2	4.44345005e-08	0	0	0	5.05968e-05	0	0	3
41	24	0	0.568859801	293.2	293.2	293.2	293.2	4.70594728e-08	0	0	0	5.09385e-05	0	0	3
42	25	0	0.58273443	293.2	293.2	293.2	293.2	4.96705752e-08	0	0	0	5.11746e-05	0	0	3
43	25	0	0.596609059	293.2	293.2	293.2	293.2	5.22448431e-08	0	0	0	5.11754e-05	0	0	3
44	26	0	0.610483689	293.2	293.2	293.2	293.2	5.4794441e-08	0	0	0	5.08893e-05	0	0	3
45	27	0	0.624358318	293.2	293.2	293.2	293.2	5.73202215e-08	0	0	0	5.10164e-05	0	0	3
46	27	0	0.638232947	293.2	293.2	293.2	293.2	5.98366796e-08	0	0	0	5.0633e-05	0	0	3
47	28	0	0.652107577	293.2	293.2	293.2	293.2	6.23010123e-08	0	0	0	5.07412e-05	0	0	3
48	29	0	0.665982206	293.2	293.2	293.2	293.2	6.46476224e-08	0	0	0	5.03401e-05	0	0	3
49	29	0	0.679856835	293.2	293.2	293.2	293.2	6.68741791e-08	0	0	0	5.03706e-05	0	0	3
50	30	0	0.693731464	293.2	293.2	293.2	293.2	6.89698822e-08	0	0	0	5.00564e-05	0	0	3
51	30	0	0.707606094	293.2	293.2	293.2	293.2	7.09492838e-08	0	0	0	4.99217e-05	0	0	3
52	31	0	0.721480723	293.2	293.2	293.2	293.2	7.27713427e-08	0	0	0	4.97625e-05	0	0	3
53	31	0	0.735355352	293.2	293.2	293.2	293.2	7.44264526e-08	0	0	0	4.95664e-05	0	0	3
54	32	0	0.749229982	293.2	293.2	293.2	293.2	7.59499699e-08	0	0	0	4.94216e-05	0	0	3
55	32	0	0.763104611	293.2	293.2	293.2	293.2	7.7386062e-08	0	0	0	4.92151e-05	0	0	3
56	32	0	0.77697924	293.2	293.2	293.2	293.2	7.87628096e-08	0	0	0	4.90533e-05	0	0	3
57	33	0	0.790853869	293.2	293.2	293.2	293.2	8.00639555e-08	0	0	0	4.88972e-05	0	0	3
58	33	0	0.804728499	293.2	293.2	293.2	293.2	8.12538019e-08	0	0	0	4.8685e-05	0	0	3
59	34	0	0.818603128	293.2	293.2	293.2	293.2	7.82939651e-08	0	0	0	4.85485e-05	0	0	3
60	34	0	0.832477757	293.2	293.2	293.2	293.2	7.3687545e-08	0	0	0	4.83588e-05	0	0	3
61	35	0	0.846352387	293.2	293.2	293.2	293.2	6.87826969e-08	0	0	0	4.82135e-05	0	0	3
62	35	0	0.860227016	293.2	293.2	293.2	293.2	6.26600354e-08	0	0	0	4.79856e-05	0	0	3
63	35	0	0.874101645	293.2	293.2	293.2	293.2	5.70238399e-08	0	0	0	4.79192e-05	0	0	3
64	36	0	0.887976275	293.2	293.2	293.2	293.2	5.26600843e-08	0	0	0	4.76581e-05	0	0	3
65	36	0	0.901850904	293.2	293.2	293.2	293.2	4.93553785e-08	0	0	0	4.76822e-05	0	0	3
66	37	0	0.915725533	293.2	293.2	293.2	293.2	4.68489816e-08	0	0	0	4.73043e-05	0	0	3
67	37	0	0.929600162	293.2	293.2	293.2	293.2	4.39633254e-08	0	0	0	4.73773e-05	0	0	3
68	38	0	0.943474792	293.2	293.2	293.2	293.2	4.05703418e-08	0	0	0	4.69859e-05	0	0	3
69	39	0	0.957349421	293.2	293.2	293.2	293.2	3.71001647e-08	0	0	0	4.70339e-05	0	0	3
70	39	0	0.97122405	293.2	293.2	293.2	293.2	3.37734605e-08	0	0	0	4.64442e-05	0	0	3
71	40	0	0.98509868	293.2	293.2	293.2	293.2	3.0641786e-08	0	0	0	4.69959e-05	0	0	3
72	40	0	0.998973309	293.2	293.2	293.2	293.2	2.72319198e-08	0	0	0	4.63492e-05	0	0	3
73	41	0	1.01284794	293.2	293.2	293.2	293.2	2.38610482e-08	2.932e-06	0	0	4.64909e-05	0	0	3
74	41	0	1.02672257	293.2	293.2	293.2	293.2	2.03766604e-08	2.932e-06	0	0	4.61122e-05	0	0	3
75	42	0	1.0405972	293.2	293.2	293.2	293.2	1.74018737e-08	2.932e-06	0	0	4.61662e-05	0	0	3
76	42	0	1.05447183	293.2	293.2	293.2	293.2	1.47660444e-08	2.932e-06	0	0	4.5723e-05	0	0	3
77	43	0	1.06834646	293.2	293.2	293.2	293.2	1.23253585e-08	2.932e-06	0	0	4.6196e-05	0	0	3
78	44	0	1.08222108	293.2	293.2	293.2	293.2	9.91337856e-09	2.932e-06	0	0	4.57908e-05	0	0	3
79	45	0	1.09609571	293.2	293.2	293.2	293.2	7.77021114e-09	2.932e-06	0	0	4.58373e-05	0	0	3
80	45	0	1.10997034	293.2	293.2	293.2	293.2	8.12457301e-09	2.932e-06	0	0	4.56055e-05	0	0	3
81	46	0	1.12384497	293.2	293.2	293.2	293.2	8.58153726e-09	2.932e-06	0	0	4.55895e-05	0	0	3
82	47	0	1.1377196	293.2	293.2	293.2	293.2	8.90366891e-09	2.932e-06	0	0	4.52769e-05	0	0	3
83	47	0	1.15159423	293.2	293.2	293.2	293.2	9.17901843e-09	2.932e-06	0	0	4.53169e-05	0	0	3
84	48	0	1.16546886	293.2	293.2	293.2	293.2	9.44851308e-09	2.932e-06	0	0	4.50549e-05	0	0	3
85	49	0	1.17934349	293.2	293.2	293.2	293.2	9.69919256e-09	2.932e-06	0	0	4.50878e-05	0	0	3
86	50	0	1.19321812	293.2	293.2	293.2	293.2	9.93691174e-09	2.932e-06	0	0	4.47155e-05	0	0	3
87	50	0	1.20709275	293.2	293.2	293.2	293.2	1.022795e-08	2.932e-06	0	0	4.48511e-05	0	0	3
88	51	0	1.22096738	293.2	293.2	293.2	293.2	1.05690106e-08	2.932e-06	0	0	4.44435e-05	0	0	3
89	52	0	1.23484201	293.2	293.2	293.2	293.2	1.09175744e-08	2.932e-06	0	0	4.46048e-05	0	0	3
90	52	0	1.24871664	293.2	293.2	293.2	293.2	1.1244083e-08	2.932e-06	0	0	4.4285e-05	0	0	3
91	53	0	1.26259127	293.2	293.2	293.2	293.2	1.16189653e-08	2.932e-06	0	0	4.43536e-05	0	0	3
92	54	0	1.27646589	293.2	293.2	293.2	293.2	1.2032956e-08	2.932e-06	0	0	4.42588e-05	0	0	3
93	54	0	1.29034052	293.2	293.2	293.2	293.2	1.25131692e-08	2.932e-06	0	0	4.41211e-05	0	0	3
94	55	0	1.30421515	293.2	293.2	293.2	293.2	1.30268631e-08	2.932e-06	0	0	4.40025e-05	0	0	3
95	56	0	1.31808978	293.2	293.2	293.2	293.2	1.35297569e-08	2.932e-06	0	0	4.38656e-05	0	0	3
96	56	0	1.33196441	293.2	293.2	293.2	293.2	1.40803991e-08	2.932e-06	0	0	4.39757e-05	0	0	3
97	57	0	1.34583904	293.2	293.2	293.2	293.2	1.45687409e-08	2.932e-06	0	0	4.36592e-05	0	0	3
98	57	0	1.35971367	293.2	293.2	293.2	293.2	1.45676609e-08	2.932e-06	0	0	4.36957e-05	0	0	3
99	58	0	1.3735883	293.2	293.2	293.2	293.2	1.28555371e-08	2.932e-06	0	0	4.34505e-05	0	0	3
100	58	0	1.38746293	293.2	293.2	293.2	293.2	1.12994485e-08	2.932e-06	0	0	4.36148e-05	0	0	3
101	59	0	1.40133756	293.2	293.2	293.2	293.2	9.86864279e-09	2.932e-06	0	0	4.32432e-05	0	0	3
102	60	0	1.41521219	293.2	293.2	293.2	293.2	8.52827498e-09	2.932e-06	0	0	4.34863e-05	0	0	3
103	60	0	1.42908682	293.2	293.2	293.2	293.2	7.26771532e-09	2.932e-06	0	0	4.30603e-05	0	0	3
104	61	0	1.44296145	293.2	293.2	293.2	293.2	6.1540959e-09	2.932e-06	0	0	4.34105e-05	0	0	3
105	61	0	1.45683608	293.2	293.2	293.2	293.2	6.61975719e-09	2.932e-06	0	0	4.29045e-05	0	0	3
106	62	0	1.4707107	293.2	293.2	293.2	293.2	7.07780146e-09	2.932e-06	0	0	4.33842e-05	0	0	3
107	62	0	1.48458533	293.2	293.2	293.2	293.2	7.531753e-09	2.932e-06	0	0	4.27321e-05	0	0	3
108	63	0	1.49845996	293.2	293.2	293.2	293.2	7.97371058e-09	2.932e-06	0	0	4.33502e-05	0	0	3
109	63	0	1.51233459	293.2	293.2	293.2	293.2	8.40805114e-09	2.932e-06	0	0	4.25804e-05	0	0	3
110	63	0	1.52620922	293.2	293.2	293.2	293.2	8.82909035e-09	2.932e-06	0	0	4.32886e-05	0	0	3
111	64	0	1.54008385	293.2	293.2	293.2	293.2	9.23301968e-09	2.932e-06	0	0	4.24356e-05	0	0	3
112	64	0	1.55395848	293.2	293.2	293.2	293.2	9.62171498e-09	2.932e-06	0	0	4.32461e-05	0	0	3
113	65	0	1.56783311	293.2	293.2	293.2	293.2	9.99636995e-09	2.932e-06	0	0	4.23041e-05	0	0	3
114	65	0	1.58170774	293.2	293.2	293.2	293.2	1.0351755e-08	2.932e-06	0	0	4.31206e-05	0	0	3
115	65	0	1.59558237	293.2	293.2	293.2	293.2	1.0684289e-08	2.932e-06	0	0	4.21599e-05	0	0	3
116	66	0	1.609457	293.2	293.2	293.2	293.2	1.09058647e-08	2.932e-06	0	0	4.30993e-05	0	0	3
117	66	0	1.62333163	293.2	293.2	293.2	293.2	1.0483177e-08	2.932e-06	0	0	4.20362e-05	0	0	3
118	67	0	1.63720626	293.2	293.2	293.2	293.2	1.02135118e-08	2.932e-06	0	0	4.30509e-05	0	0	3
119	67	0	1.65108089	293.2	293.2	293.2	293.2	9.98710448e-09	2.932e-06	0	0	4.19059e-05	0	0	3
