Iteration	CPUTime	PhysTime	Travels	Value	AvValue	MinValue	MaxValue	Delta	Criteria	Progress	dGMaxMin	CriteriaType	CriteriaVarType	CriteriaPercentage
1	2	0	0.0144575875	93.6183631	93.6183631	93.6183631	93.6183631	0	0	0	0	0	0	0	3
2	3	0	0.028915175	59.4526159	76.5354895	59.4526159	93.6183631	17.0828736	0	0	0	0	0	0	3
3	3	0	0.0433727625	52.2526713	68.4412168	52.2526713	93.6183631	25.1771463	0	0	0	0	0	0	3
4	4	0	0.05783035	42.4315056	61.938789	42.4315056	93.6183631	31.6795741	0	0	0	0	0	0	3
5	4	0	0.0722879375	42.6772107	58.0864733	42.4315056	93.6183631	35.5318898	0	0	0	0	0	0	3
6	5	0	0.086745525	40.5496011	55.1636613	40.5496011	93.6183631	38.4547018	0	0	0	0	0	0	3
7	5	0	0.101203112	40.8443898	53.1180511	40.5496011	93.6183631	40.5003121	0	0	0	0	0	0	3
8	6	0	0.1156607	39.8777635	51.4630151	39.8777635	93.6183631	42.155348	0	0	0	0	0	0	3
9	6	0	0.130118287	39.7820338	50.1651283	39.7820338	93.6183631	43.4532348	0	0	0	0	0	0	3
10	7	0	0.144575875	39.0326728	49.0518828	39.0326728	93.6183631	44.5664804	0	0	0	0	0	0	3
11	7	0	0.159033462	38.5249876	48.0948923	38.5249876	93.6183631	45.5234708	0	0	0	0	0	0	3
12	8	0	0.17349105	38.142156	47.2654976	38.142156	93.6183631	46.3528655	0	0	0	0	0	0	3
13	8	0	0.187948637	37.5712266	46.5197845	37.5712266	93.6183631	47.0985787	0	0	0	0	0	0	3
14	9	0	0.202406225	36.9753798	45.8380413	36.9753798	93.6183631	47.7803219	0	0	0	0	0	0	3
15	9	0	0.216863812	36.3185549	45.2034088	36.3185549	93.6183631	48.4149543	0	0	0	0	0	0	3
16	9	0	0.2313214	35.732314	44.6114654	35.732314	93.6183631	49.0068977	0	0	0	0	0	0	3
17	10	0	0.245778987	35.2073053	44.0582795	35.2073053	93.6183631	49.5600836	0	0	0	0	0	0	3
18	10	0	0.260236575	34.7741105	43.5424924	34.7741105	93.6183631	50.0758708	0	0	0	0	0	0	3
19	11	0	0.274694162	34.2366999	43.0527138	34.2366999	93.6183631	50.5656493	0	0	0	0	0	0	3
20	11	0	0.28915175	33.9129706	42.5957266	33.9129706	93.6183631	51.0226365	0	0	0	0	0	0	3
21	12	0	0.303609337	33.2979422	42.152975	33.2979422	93.6183631	51.4653881	0	0	0	0	0	0	3
22	12	0	0.318066925	33.004464	41.7371336	33.004464	93.6183631	51.8812295	0	0	0	0	0	0	3
23	13	0	0.332524512	32.5951808	41.3396574	32.5951808	93.6183631	52.2787058	0	0	0	0	0	0	3
24	13	0	0.3469821	32.3624221	40.9656059	32.3624221	93.6183631	52.6527572	0	0	0	0	0	0	3
25	14	0	0.361439687	32.0530227	40.6091026	32.0530227	93.6183631	53.0092606	0	0	0	0	0	0	3
26	15	0	0.375897275	31.8346591	40.271624	31.8346591	93.6183631	53.3467391	0	0	0	0	0	0	3
27	15	0	0.390354862	31.6921172	39.9538645	31.6921172	93.6183631	53.6644987	0	0	0	0	0	0	3
28	16	0	0.40481245	31.7325653	39.6602467	31.6921172	93.6183631	53.9581165	0	0	0	0	0	0	3
29	16	0	0.419270037	31.7224013	39.3865278	31.6921172	93.6183631	54.2318353	0	0	0	0	0	0	3
30	17	0	0.433727625	31.8020297	39.1337112	31.6921172	93.6183631	54.4846519	0	0	0	0	0	0	3
31	17	0	0.448185212	31.7179918	38.8944945	31.6921172	93.6183631	54.7238687	0	0	0	0	0	0	3
32	18	0	0.4626428	31.8090519	38.6730744	31.6921172	93.6183631	54.9452887	0	0	0	0	0	0	3
33	18	0	0.477100387	31.9174625	38.4683589	31.6921172	93.6183631	55.1500042	0	0	0	0	0	0	3
34	19	0	0.491557975	32.1078607	38.2812854	31.6921172	93.6183631	55.3370777	0	0	0	0	0	0	3
35	19	0	0.506015562	32.2072059	38.1077403	31.6921172	93.6183631	55.5106229	0	0	0	0	0	0	3
36	20	0	0.52047315	32.2855622	36.3553745	31.6921172	59.4526159	27.7604987	0	0	0	0	0	0	3
37	20	0	0.534930737	32.3479971	35.5809569	31.6921172	52.2526713	20.5605541	0	0	0	0	0	0	3
38	21	0	0.549388325	32.4059412	35.0139074	31.6921172	42.6772107	10.9850935	0	0	0	0	0	0	3
39	21	0	0.563845912	32.4636591	34.7291118	31.6921172	42.6772107	10.9850935	0	0	0	0	0	0	3
40	22	0	0.5783035	32.5192376	34.438884	31.6921172	40.8443898	9.15227261	0	0	0	0	0	0	3
41	23	0	0.592761087	32.5376228	34.2099704	31.6921172	40.8443898	9.15227261	0	0	0	0	0	0	3
42	23	0	0.607218675	32.5569627	33.9731867	31.6921172	39.8777635	8.1856463	0	0	0	0	0	0	3
43	24	0	0.621676262	32.5862036	33.7648564	31.6921172	39.7820338	8.0899166	0	0	0	0	0	0	3
44	24	0	0.63613385	32.6423816	33.5608664	31.6921172	39.0326728	7.34055563	0	0	0	0	0	0	3
45	25	0	0.650591437	32.6730893	33.379164	31.6921172	38.5249876	6.83287043	0	0	0	0	0	0	3
46	25	0	0.665049025	32.7227789	33.2133866	31.6921172	38.142156	6.45003883	0	0	0	0	0	0	3
47	26	0	0.679506612	32.7320214	33.0588113	31.6921172	37.5712266	5.87910937	0	0	0	0	0	0	3
48	26	0	0.6939642	32.7372183	32.9206968	31.6921172	36.9753798	5.28326263	0	0	0	0	0	0	3
49	27	0	0.708421787	32.7110775	32.7988596	31.6921172	36.3185549	4.62643768	0	0	0	0	0	0	3
50	27	0	0.722879375	32.6707258	32.6946359	31.6921172	35.732314	4.0401968	0	0	0	0	0	0	3
51	28	0	0.737336962	32.5875432	32.6047853	31.6921172	35.2073053	3.51518809	0	0	0	0	0	0	3
52	29	0	0.75179455	32.5221299	32.528066	31.6921172	34.7741105	3.08199334	0	0	0	0	0	0	3
53	29	0	0.766252137	32.4375071	32.4613059	31.6921172	34.2366999	2.54458268	0	0	0	0	0	0	3
54	30	0	0.780709725	32.3803278	32.4082667	31.6921172	33.9129706	2.22085336	0	0	0	0	0	0	3
55	30	0	0.795167312	32.3332311	32.3631313	31.6921172	33.2979422	1.60582496	0	0	0	0	0	0	3
56	31	0	0.8096249	32.2929717	32.3344179	31.6921172	33.004464	1.31234685	0	0	0	0	0	0	3
57	32	0	0.824082487	32.2476452	32.3127945	31.6921172	32.7372183	1.04510106	0	0	0	0	0	0	3
58	32	0	0.838540075	32.2592993	32.3031979	31.6921172	32.7372183	1.04510106	0	0	0	0	0	0	3
59	33	0	0.852997662	32.248064	32.2999305	31.6921172	32.7372183	1.04510106	0	0	0	0	0	0	3
60	33	0	0.86745525	32.3149064	32.3074129	31.6921172	32.7372183	1.04510106	0	0	0	0	0	0	3
61	34	0	0.881912837	32.3352547	32.3217156	31.6921172	32.7372183	1.04510106	0	0	0	0	0	0	3
62	34	0	0.896370425	32.4066156	32.3421298	31.7179918	32.7372183	1.01922641	0	0	0	0	0	0	3
63	35	0	0.910828012	32.4246358	32.3619033	31.7179918	32.7372183	1.01922641	0	0	0	0	0	0	3
64	36	0	0.9252856	32.4788945	32.3835174	31.7179918	32.7372183	1.01922641	0	0	0	0	0	0	3
65	36	0	0.939743187	32.4965904	32.403362	31.7179918	32.7372183	1.01922641	0	0	0	0	0	0	3
66	37	0	0.954200775	32.559375	32.4274015	31.8090519	32.7372183	0.928166355	0	0	0	0	0	0	3
67	37	0	0.968658362	32.5769706	32.449342	31.9174625	32.7372183	0.819755806	0	0	0	0	0	0	3
68	38	0	0.98311595	32.6196687	32.469405	32.1078607	32.7372183	0.629357544	0	0	0	0	0	0	3
69	38	0	0.997573537	32.6250404	32.4841816	32.2072059	32.7372183	0.530012362	0	0	0	0	0	0	3
70	39	0	1.01203112	32.6465513	32.4967343	32.2476452	32.7372183	0.489573061	0.616816623	0	100	0	0	0	3
